reduced_data/pacific_coast.asc
NCOLS 255 
NROWS 395 
XLLCORNER -124.770670109212 
YLLCORNER 32.5345094086028 
CELLSIZE 0.0416963437796804 
NODATA_value -9999 
[rows 200 to 224 of 395, columns 0 to 56 of 255]
-9999 -9999 -9999 -9999 -9999 -9999 -9999 -9999 -9999 -9999 0.27977670562923 0.478758282014358 0.63999757714699 0.648259831774397 0.652219399838447 0.652890590203255 0.652889293328606 0.65283759704207 0.652881286387745 0.652890607891621 0.652890547042446 0.652740131232874 0.650404682233722 0.650048734741907 0.64873959100182 0.651601379134332 0.652778292741927 0.65288659484473 0.652827525509352 0.652890590650766 0.65289057478385 0.652890545454993 0.652890639180128 0.652890576220514 0.652890568070726 0.652890571432295 0.652890586257419 0.652890541090919 0.652890574343129 0.652890622792556 0.652890553346388 0.652890552213114 0.652890582765633 0.652741443893929 0.651516664092044 0.652890578433954 0.6528905874814 0.65289057084104 0.652890582114741 0.65289055239303 0.652198452752287 0.632366886388432 0.569742230618413 0.587407772817652 0.646425938440309 0.612838825557593 0.652863756298028
-9999 -9999 -9999 -9999 -9999 -9999 -9999 -9999 -9999 -9999 0.451125346277941 0.58582915195193 0.631315304428372 0.637697663423049 0.643103099097993 0.651127126545708 0.653295169299487 0.653151170200997 0.653272973195274 0.653298742894419 0.653298734217745 0.653298768882117 0.653298739304319 0.653234313791981 0.652691687864043 0.651156414902828 0.651110226524485 0.652883219897249 0.653298760659504 0.653298715757518 0.653298743725636 0.65329877741627 0.653298740725539 0.653298748923751 0.653298749067051 0.653298750514937 0.65329876152182 0.653298735879337 0.653298745385857 0.653298780006871 0.653298702230544 0.653298753746737 0.653298779294464 0.653298748087517 0.65329872299679 0.65329876563016 0.653298765302618 0.653298758791714 0.653298749498424 0.653298743343412 0.653298781679389 0.653298733079229 0.551824265127608 0.479128810473151 0.634117701769489 0.624662050036035 0.643208551066265
-9999 -9999 -9999 -9999 -9999 -9999 -9999 -9999 -9999 0.127446471827365 0.570123997603434 0.653705775110612 0.653691019547991 0.651654233266564 0.636957191377222 0.647306070286488 0.653706560695813 0.653706613747325 0.653706561639022 0.653706596520004 0.653706556799243 0.653706605954117 0.653706571432009 0.653706588458348 0.653705995105951 0.653273509839609 0.651520732772776 0.651090531105499 0.653706578587695 0.653706582773719 0.653706570197522 0.653706590130546 0.651979528333584 0.653706558573708 0.653706600348608 0.653706566868643 0.653661814717244 0.652811065037031 0.652985839974256 0.653453044358835 0.653706584809543 0.65370659318845 0.653706570425731 0.653706591795479 0.653706569174422 0.653706577669736 0.653706589590809 0.653706558068133 0.653706598140279 0.653706559390208 0.653706603153618 0.653706570131465 0.652325447187758 0.634033197623544 0.65150842457379 0.651993978823476 0.644371042436461
-9999 -9999 -9999 -9999 -9999 -9999 -9999 -9999 0.191623779253386 0.436504474878538 0.651457054827307 0.654114074314694 0.654114118568729 0.654114087386798 0.623009488250538 0.629213867041688 0.650780256002578 0.641412589493458 0.653316212693213 0.654114068992626 0.654114112729774 0.654114098938641 0.654114054695135 0.654114099961461 0.654114125264189 0.6541119788298 0.653906559364068 0.650017409812484 0.653603681271128 0.654088316911925 0.654114067824192 0.654114139332578 0.653999881704344 0.654114048744188 0.654114089314998 0.654114078595801 0.654111143767396 0.654054894256208 0.65406645765923 0.654097338040971 0.654114081163747 0.654114085856658 0.654114068004543 0.654114092538998 0.654114103431776 0.654114080353543 0.654114070193501 0.654114101282283 0.654114123942008 0.65129322767328 0.649866879458814 0.654114073858344 0.653570133141957 0.651067630616489 0.650583390629929 0.651025578029345 0.648759856890786
-9999 -9999 -9999 -9999 -9999 -9999 -9999 -9999 0.227160397084593 0.562448452801295 0.654521259855155 0.653398046554794 0.654510310425207 0.654023740675135 0.654485923255107 0.642887844670677 0.639272994298453 0.650523615669279 0.65014148393959 0.651240368354984 0.654521207792846 0.654521266346705 0.654521184620631 0.654521236232274 0.654521252933691 0.654417655758239 0.654094449408873 0.64964841400129 0.648927282455671 0.653225108776724 0.654521187739184 0.654521213996204 0.654521277498629 0.654521228641967 0.65452120553145 0.654521223350243 0.654521241052973 0.654521214208093 0.654521224835648 0.65452124127981 0.654521191563527 0.654521235702514 0.654521205533718 0.654521235394645 0.654521234991037 0.654521215481475 0.654521238791589 0.654521204850848 0.654521260861247 0.651517317982325 0.649646902891985 0.653543796868546 0.651604709670922 0.651534005242291 0.650872055796694 0.647480294814399 0.648885193945536
-9999 -9999 -9999 -9999 -9999 -9999 -9999 -9999 0.239314778963089 0.62293932705864 0.654928010026161 0.651965800741578 0.654899307002659 0.653615991323277 0.654927996857235 0.651919910182613 0.645987515642142 0.644385308277559 0.639963146441424 0.643055652713718 0.654514366865928 0.654928007322194 0.654927979257064 0.65492798494977 0.654928027416465 0.654654842345202 0.653802466857111 0.654651744948329 0.654928021521529 0.65492796928886 0.654927994618576 0.654927964445932 0.654928006276959 0.654927969322051 0.654927957114076 0.654927982526016 0.654927981303723 0.654927981483463 0.654928001506387 0.654927989510685 0.654927981662969 0.654927975323694 0.654909531319419 0.654920984245671 0.654927992169697 0.654927969053409 0.654927975706291 0.6548589514949 0.654848161744948 0.654703701827229 0.653845698974784 0.652880325430181 0.653713783750294 0.654345715908616 0.654083681986861 0.649636433276036 0.653792241725704
-9999 -9999 -9999 -9999 -9999 -9999 -9999 -9999 0.250199924814399 0.486483932966693 0.65496363695028 0.655334424004461 0.655334453452263 0.655334420338466 0.655334459235391 0.655334458690215 0.655334435867804 0.655334407020686 0.651710001638413 0.647373833614527 0.642889554295548 0.655334435184592 0.655334447964342 0.655334436093574 0.655334449003639 0.655334433917684 0.655334434818409 0.650927355335819 0.655334483713485 0.655334447564136 0.655334433676873 0.655334428760874 0.655334427376088 0.655334447727594 0.655334410940397 0.655334437472627 0.655334433083209 0.655334435667542 0.655334448672699 0.655334459486602 0.655334399495641 0.655334445096829 0.655322749137099 0.655330046417768 0.655325777639249 0.655197484484209 0.655310668044548 0.655281814337869 0.655258231003173 0.655229493933796 0.655178054311699 0.655289051313163 0.654924304050834 0.655298138597894 0.654803378573081 0.653861967588936 0.653806560277753
-9999 -9999 -9999 -9999 -9999 -9999 -9999 -9999 -9999 0.410417087526144 0.626690109615691 0.655740543946828 0.655740626897063 0.655740555712916 0.655740575322728 0.655740544973412 0.655740562854177 0.655740564087237 0.655740545358916 0.655660011462587 0.637822686916804 0.646473087258607 0.654178525373009 0.655740611743019 0.655740507841745 0.655740598388418 0.65574055220769 0.655502685533982 0.655740601882408 0.655740544261307 0.655740533705491 0.655021423942814 0.562903185362927 0.655740571247447 0.655740564975276 0.655740520734009 0.65574061203022 0.655740508779091 0.655740574277349 0.655740553053846 0.655740591481264 0.655740560109793 0.655707285726588 0.655511464951991 0.655656713260439 0.655694562587425 0.655733796867517 0.655661897194114 0.655653219939909 0.655024799455825 0.655735965297227 0.655462096769463 0.65573105743509 0.655740584918795 0.655740557738162 0.655740531589659 0.655553076930751
-9999 -9999 -9999 -9999 -9999 -9999 -9999 -9999 -9999 0.487595903003673 0.565320320073764 0.652188515493837 0.656146260267357 0.656146273771239 0.656146289216774 0.656146288356092 0.656146303853607 0.656146269930682 0.656146338024462 0.655026334079287 0.650567891993914 0.653552839377443 0.644368463857731 0.648060177613644 0.651604540391713 0.65561595208161 0.656146275109946 0.656146270509626 0.656146301796626 0.656146265014383 0.656146254273218 0.655997090701282 0.617627174481408 0.599089875503597 0.64774488437689 0.656146298477947 0.656146312818138 0.656146275798306 0.656146280613392 0.656146246968758 0.656143863002858 0.656068747871197 0.656089737995955 0.656146308339365 0.656145492972837 0.656054444407457 0.655607003153198 0.655406843418752 0.656082962870116 0.655919809833781 0.656134815784788 0.655202322711569 0.656146274003279 0.656146285998633 0.656146271917314 0.656146260671377 0.65614629158548
-9999 -9999 -9999 -9999 -9999 -9999 -9999 -9999 -9999 0.508139093893136 0.579596701966644 0.654174084106657 0.656551649540282 0.656551694812112 0.656551673422086 0.656551649509602 0.656551721113896 0.656551652439551 0.656551667461599 0.656551690030051 0.654029199750716 0.653052304726489 0.654794095738185 0.655963226953731 0.652665787603045 0.654376566571685 0.656423115438239 0.656551663792128 0.656551683767997 0.65655168328733 0.656551667516291 0.656551676606926 0.65655165621937 0.654805351529858 0.653703363433791 0.656551661461368 0.656551686754644 0.656551664559768 0.656551670956091 0.656551654083236 0.656551655443931 0.656461436930302 0.656410280070677 0.656551710276454 0.656549650050571 0.656519721525338 0.656520158535108 0.656340397518545 0.656509479021331 0.656516477827454 0.65652301338025 0.656551661140466 0.656551660067489 0.656551683870324 0.656551655149305 0.656551707353348 0.656551642902814
-9999 -9999 -9999 -9999 -9999 -9999 -9999 -9999 -9999 0.229856799534812 0.330961776153421 0.617376702102472 0.656956715014293 0.656956704270319 0.656238615657441 0.656635934192585 0.656956774744373 0.656956720202563 0.656956715675777 0.656956698291662 0.656888927430024 0.654697352671246 0.654668660683731 0.653980712267437 0.65657725945933 0.655281360714143 0.653252762134858 0.655201596655643 0.656956727306931 0.656956715874939 0.656956722615568 0.656956744768411 0.656956722400691 0.656956733410851 0.656956723119511 0.656956695873414 0.656956774944014 0.6569567253447 0.656956725228596 0.65695670727354 0.656956706621659 0.65678595466335 0.656689116859861 0.656956737701614 0.656955911525027 0.656944499675507 0.656956726309168 0.656956719946838 0.656956741129841 0.656439187328443 0.65608281609734 0.65692239147243 0.656891663328911 0.656077989124871 0.656956719160084 0.656956742929246 0.656956692674214
-9999 -9999 -9999 -9999 -9999 -9999 -9999 -9999 -9999 -9999 0.233956421561183 0.371621312365598 0.574878728805815 0.657361474918608 0.657331186140086 0.657347928595812 0.657361529529251 0.657361400207775 0.65736147980043 0.657361427137032 0.657361037395017 0.65732987124363 0.657277598011664 0.655687815200456 0.657361415863268 0.657312556837725 0.647439498610544 0.653209322844341 0.657361444296242 0.657361430294096 0.657361451678523 0.657361485344463 0.657361466537544 0.657361462140006 0.657361463063478 0.657361426180917 0.657361529990711 0.657361448586966 0.657361450641704 0.657361432008029 0.657361459066903 0.657354262015081 0.657071494797685 0.657255496314574 0.657361347944179 0.657360973302425 0.657361467138946 0.657361464121214 0.657356301991887 0.657264079822607 0.657135005284891 0.655862214297165 0.657358735455546 0.657324449352517 0.657361454629541 0.657361462946149 0.657361454606086
-9999 -9999 -9999 -9999 -9999 -9999 -9999 -9999 -9999 -9999 -9999 -9999 0.0298809038510396 0.501020112671349 0.620067365966717 0.649000596187956 0.657765809493951 0.657765778255914 0.657646890461197 0.657713866652255 0.657765764300964 0.657747382553429 0.656693711707356 0.65704827136577 0.657765771938054 0.657765807865761 0.657765762604402 0.653334078135184 0.654488424388036 0.657278643199619 0.657765788882404 0.657765790762984 0.657765789224969 0.657765802976754 0.657765790843843 0.657765792008893 0.657765754758015 0.657765802701826 0.657765792380385 0.657765782828158 0.657765789523085 0.657765799749164 0.657765787566369 0.657765799457125 0.657765776518794 0.657765767481788 0.657765767096391 0.657752948826977 0.657731209808333 0.657261973010539 0.657765798726962 0.657601162356717 0.657554075789473 0.65774923208304 0.655813396255782 0.657075418195144 0.657765787927887
-9999 -9999 -9999 -9999 -9999 -9999 -9999 -9999 -9999 -9999 -9999 -9999 -9999 -9999 0.491848295339476 0.487295728895501 0.623554200298784 0.658169749395781 0.657887689003404 0.658046581638325 0.658169776475315 0.658126031802802 0.652965646455821 0.654551474300052 0.658169767670404 0.658169818368258 0.658169770155487 0.657844844572891 0.657270349838387 0.657013941082543 0.658169782218388 0.658169773160578 0.65816977658776 0.658169808644244 0.658169793471494 0.658169778131305 0.65816979558344 0.658169784463844 0.658169786820462 0.658160863471512 0.658169784839498 0.658169788308082 0.658169767921577 0.658169805493209 0.658169783640283 0.658169777155729 0.658169777095952 0.658169773598831 0.658169784174771 0.658169779534898 0.658169788740416 0.657985726292857 0.657543484694231 0.658130490598061 0.658169783741993 0.658169783193145 0.658169766390585
-9999 -9999 -9999 -9999 -9999 -9999 -9999 -9999 -9999 -9999 -9999 -9999 -9999 -9999 -9999 -9999 0.527246606628282 0.658573416525826 0.658573397750158 0.658573515622003 0.658573424377501 0.658573447739031 0.655487602483886 0.648933111269216 0.657067380416617 0.658564682235484 0.658573439841469 0.658573431561892 0.658573436978922 0.658333781143951 0.657960619631195 0.658303959774598 0.658573445407922 0.658573436309724 0.65857342657023 0.658573409232072 0.658573504656269 0.658573428264677 0.658573446183853 0.658568264698514 0.658573429208806 0.658573453868012 0.65857341971648 0.658573452680847 0.658573439506785 0.658447497888319 0.658379979552166 0.658573451701165 0.658568015247886 0.658485495389186 0.658560903966774 0.658529219819242 0.658248611256973 0.658495984308898 0.658459075436679 0.658573435642558 0.658573444414224
-9999 -9999 -9999 -9999 -9999 -9999 -9999 -9999 -9999 -9999 -9999 -9999 -9999 -9999 -9999 -9999 0.362098495995038 0.532125069636964 0.657996698290771 0.658976693264109 0.658976824063129 0.658976729239905 0.658929541724469 0.658418399549482 0.6589307601852 0.658976483475705 0.658976754934512 0.658976760413833 0.658976773117824 0.658969448560423 0.658750186759266 0.658883731269526 0.657760055871753 0.658976791091011 0.658976751231315 0.658976739006369 0.658972162676401 0.658888921037028 0.658976740130883 0.657775301741849 0.658794687567845 0.658976749902466 0.658976732289748 0.658702688966889 0.658976736182514 0.658972873945901 0.658947150603163 0.658967949433715 0.658976619546301 0.658974053410825 0.658976364129824 0.658976523109058 0.658722608685246 0.65870455299551 0.658972477499811 0.650795368518115 0.658976747754206
-9999 -9999 -9999 -9999 -9999 -9999 -9999 -9999 -9999 -9999 -9999 -9999 -9999 -9999 -9999 -9999 -9999 -9999 0.523966901530524 0.645465097433761 0.659379702577814 0.6593797245748 0.659379681636119 0.65937972257548 0.659379748796385 0.659353532102716 0.659335308114803 0.659379709550805 0.659379743942617 0.659379684075948 0.659056616890308 0.658838265024029 0.659379693342202 0.659379719309143 0.659379683785056 0.659379697118327 0.659379757692272 0.659379690375487 0.659379713290173 0.659145070433552 0.659363328236696 0.659230192198738 0.659158004730104 0.659347227275715 0.659011736887393 0.659379737553818 0.659379691999734 0.659379707874714 0.659356729503472 0.659379730440584 0.659379733506735 0.659379693796517 0.658877920954079 0.658363873682874 0.657658290245944 0.658542203664576 0.657191829013903
-9999 -9999 -9999 -9999 -9999 -9999 -9999 -9999 -9999 -9999 -9999 -9999 -9999 -9999 -9999 -9999 -9999 -9999 0.206102611585999 0.484745757776395 0.657515165433966 0.659782331184423 0.659782294724442 0.659782305060582 0.659782357178251 0.659782293156278 0.65978233218833 0.659782324602367 0.659782335509948 0.659782308073379 0.657740418828307 0.654974457250738 0.659782305521136 0.659782319148805 0.65973728456198 0.659679941691256 0.659782370844453 0.659782300882414 0.659782312898789 0.659707014520209 0.659523783795312 0.659400636375039 0.659182011439315 0.659709079091212 0.659782297726719 0.659782306669353 0.659782325692368 0.659782283513247 0.659730525585363 0.65978231462498 0.659782347525002 0.659782284613398 0.659211844774263 0.657878775542457 0.656121844607376 0.654433926926359 0.652526952695312
-9999 -9999 -9999 -9999 -9999 -9999 -9999 -9999 -9999 -9999 -9999 -9999 -9999 -9999 -9999 -9999 -9999 -9999 -9999 0.359313709182779 0.537740692244526 0.660184564668276 0.660184541695268 0.660184594631205 0.660184564679671 0.660184571459694 0.660184562858334 0.660184575565932 0.660184592799057 0.660184554060847 0.659056831086988 0.658039233883773 0.660184541041614 0.660184544415702 0.659462431442914 0.659850126408308 0.660146214897523 0.660184562179303 0.660184553681606 0.660087379964077 0.659953911214279 0.65990689645311 0.657662860272973 0.659246770355496 0.660184562559309 0.660184570756602 0.660184536900446 0.660184551663612 0.660184593692666 0.660184560368158 0.66018459027265 0.659430012727099 0.656879899359161 0.654722254705554 0.650993719162386 0.652844472720446 0.65272021189603
-9999 -9999 -9999 -9999 -9999 -9999 -9999 -9999 -9999 -9999 -9999 -9999 -9999 -9999 -9999 -9999 -9999 -9999 -9999 -9999 0.296600764989125 0.598554286224161 0.660586517762642 0.660586519925199 0.660586458376424 0.660586495521461 0.66058654012276 0.660586450827045 0.660586516994331 0.660586487146577 0.660586471913237 0.660480529707085 0.650570701834632 0.660452227602581 0.660070644274759 0.660385530046256 0.660326588447169 0.656297330648616 0.65877919948138 0.660585443942963 0.660224128956586 0.65434644897553 0.660539075031794 0.660351100916211 0.660586461516314 0.660586528615806 0.660586503951794 0.660586488348585 0.66058652958321 0.660403450656611 0.659521394495412 0.659747360121962 0.659568468997641 0.65753380470196 0.657737317202457 0.654532460403976 0.637481700667668
-9999 -9999 -9999 -9999 -9999 -9999 -9999 -9999 -9999 -9999 -9999 -9999 -9999 -9999 -9999 -9999 -9999 -9999 -9999 -9999 -9999 0.178454643815145 0.582397913082088 0.660988060171027 0.660987957047893 0.660988057647784 0.660988020966965 0.66098800436784 0.660988047465451 0.660988027902445 0.660988004377317 0.660988056133234 0.658259643072994 0.660215680049097 0.660828351424859 0.652462095622293 0.65524161427706 0.657467968486456 0.657035518676074 0.657753732901523 0.659334599548434 0.660691583448148 0.660826036118598 0.66093401596349 0.660986527151334 0.660964819710322 0.660988018803754 0.6609880046883 0.660988017278378 0.660983192239624 0.660980770822635 0.660821736056165 0.656330163605635 0.656063446261209 0.656955298202545 0.654218453836588 0.640601084935419
-9999 -9999 -9999 -9999 -9999 -9999 -9999 -9999 -9999 -9999 -9999 -9999 -9999 -9999 -9999 -9999 -9999 -9999 -9999 -9999 -9999 0.3466930314166 0.511610575714652 0.661043471743662 0.661389191290509 0.661389245778558 0.66138922709492 0.66138922137586 0.661389236648909 0.661389199673653 0.661389222108961 0.661389236846394 0.657755414859675 0.659746792191944 0.661318569239331 0.656420511257666 0.657148690850084 0.658093311724408 0.654200806273856 0.659276562720387 0.661124345226922 0.661389233253865 0.661389227312216 0.661389203300607 0.661366685524662 0.661348401498453 0.661389243258456 0.661389212416099 0.661389257779472 0.661389207862664 0.661389243236711 0.661032651839945 0.661162233396162 0.658856141854637 0.65903868194697 0.660638287922247 0.635771833074036
-9999 -9999 -9999 -9999 -9999 -9999 -9999 -9999 -9999 -9999 -9999 -9999 -9999 -9999 -9999 -9999 -9999 -9999 -9999 -9999 -9999 0.122089966020636 0.333474061084799 0.640347895417115 0.661790036233405 0.661790133248761 0.661790092349846 0.661790124917807 0.661790101605469 0.661790038449886 0.661790122513624 0.661790095988732 0.661790082981457 0.660901706578259 0.660238362227375 0.659360679303688 0.660734522419506 0.660710435264163 0.658779905688126 0.658900573022841 0.661526975880456 0.661694958096266 0.661790075603159 0.661790081177293 0.66177362218054 0.661347321235525 0.661254892068116 0.661790092387721 0.661790095230648 0.661790091387562 0.66177324487281 0.661783977786195 0.660819600183971 0.658795983371782 0.661114288622629 0.657330643498871 0.649311332354404
-9999 -9999 -9999 -9999 -9999 -9999 -9999 -9999 -9999 -9999 -9999 -9999 -9999 -9999 -9999 -9999 -9999 -9999 -9999 -9999 -9999 -9999 0.131429788045884 0.512452042926336 0.662190556981839 0.662190617877401 0.662190593409833 0.662190620600767 0.662190618891636 0.65929914446003 0.657107823040114 0.662080232567729 0.662190604049347 0.661964340454035 0.659010330371466 0.657036493604667 0.655740237517746 0.659229233381894 0.65682628841763 0.657648034330897 0.662188642116725 0.662173625282714 0.662130114727573 0.662167672708615 0.662190532770809 0.662187202699595 0.662186217037974 0.662190592623324 0.662190659221507 0.662190590834991 0.662133077967948 0.662101507293635 0.660660160515999 0.647953045042363 0.651182760201098 0.656606994959621 0.662103528547808
-9999 -9999 -9999 -9999 -9999 -9999 -9999 -9999 -9999 -9999 -9999 -9999 -9999 -9999 -9999 -9999 -9999 -9999 -9999 -9999 -9999 -9999 -9999 0.47857857819713 0.662590706383359 0.662590753786829 0.662590753244264 0.662590706827433 0.662590828367805 0.661757434334044 0.660379592846921 0.6620508398043 0.662556789303983 0.662590737107879 0.661784017630905 0.66226915902421 0.662526728752116 0.661215688243595 0.660378346388564 0.661586224552243 0.662590736662639 0.66259073810246 0.66259074018206 0.662584625965429 0.662584823215832 0.662585107332059 0.662500282129473 0.662560381381759 0.662590757127455 0.662590749771552 0.66259073580927 0.662423276324976 0.659576590816083 0.655335468071773 0.657393943514742 0.662180429894979 0.662590744944069
