reduced_data/pacific_coast.asc
NCOLS 255 
NROWS 395 
XLLCORNER -124.770670109212 
YLLCORNER 32.5345094086028 
CELLSIZE 0.0416963437796804 
NODATA_value -9999 
[rows 50 to 74 of 395, columns 0 to 56 of 255]
-9999 -9999 -9999 -9999 -9999 -9999 -9999 -9999 -9999 -9999 -9999 -9999 -9999 -9999 0.243062935346896 0.247678950925407 0.23797333080955 0.361042441758212 0.377006371323673 0.493351558707486 0.528380085547532 0.570073413305275 0.587402553518674 0.587673392080658 0.587760247462773 0.586771829878562 0.586757413853754 0.587866658049798 0.587866666207488 0.587866648947154 0.587828227076142 0.587850969202157 0.587866636404504 0.587228425892201 0.578474193561502 0.579916791231625 0.587675303606751 0.587814786051315 0.587828189967797 0.587836630841274 0.585799751411213 0.58413131690916 0.583533123784788 0.580515697089955 0.571285697797436 0.573615051168099 0.560584360913165 0.574779264153733 0.584715805315027 0.586574477940943 0.583241821421178 0.583552594954655 0.584533900167537 0.579392993019334 0.574195905068595 0.581118113020032 0.584476607247329
-9999 -9999 -9999 -9999 -9999 -9999 -9999 -9999 -9999 -9999 -9999 -9999 -9999 -9999 -9999 0.364286203422216 0.33026651346429 0.355744122959775 0.529476191993231 0.584337872252444 0.587846941671052 0.588324309590529 0.58819486445289 0.588269051193619 0.588324259934132 0.588324312581173 0.588324275592131 0.588324307157046 0.588324321279604 0.58832427859182 0.588324299177521 0.588324289140608 0.588170039059209 0.588215460262566 0.587777998783669 0.577856371493212 0.580070560716257 0.588017977463262 0.587987017631934 0.587351068234381 0.580682772019208 0.58206052596725 0.583356092599913 0.570392862473689 0.574457408425161 0.58537348930566 0.583818838943298 0.570480614043926 0.575093630235213 0.58257111832222 0.580993484620031 0.581024304431185 0.544395709810699 0.577954650764418 0.578348869938167 0.575489913673904 0.581839190630231
-9999 -9999 -9999 -9999 -9999 -9999 -9999 -9999 -9999 -9999 -9999 -9999 -9999 -9999 -9999 0.328086676448476 0.563095508551641 0.555733412639379 0.571577652151313 0.588097992483495 0.588707236567574 0.588781597822522 0.588781579499536 0.588781621387437 0.588781566307511 0.588781598240354 0.588781610672832 0.588781576541178 0.588781591750668 0.588781607282587 0.588781609644985 0.588781566760424 0.588757572671557 0.588767534079108 0.588775528351313 0.587387502997222 0.567134602272101 0.571118848486116 0.576011858987222 0.571754094777982 0.587770267500349 0.585601569946062 0.584634307630537 0.586199522476972 0.587270796725226 0.58442451923019 0.585361682055561 0.584909533363479 0.587055550508946 0.586557459263712 0.588107735489349 0.588129519192259 0.57404336708385 0.580153160717039 0.557666061328485 0.547160677083906 0.584375417537516
-9999 -9999 -9999 -9999 -9999 -9999 -9999 -9999 -9999 -9999 -9999 -9999 -9999 -9999 -9999 0.0342522487044334 0.531133505802927 0.5892385813509 0.589094935161942 0.588364356875813 0.580694937003996 0.580016044298298 0.589238556940895 0.589238588572605 0.5892385785043 0.589238575433733 0.589238578524681 0.589238569147491 0.589238602400553 0.589238547949317 0.5892386148747 0.589238575226649 0.589238558987241 0.58923857799591 0.589132638554869 0.588807070380842 0.589238584289631 0.587573356303166 0.579761386978062 0.579035577919908 0.57874135266986 0.56908940101052 0.584134134622668 0.587645438851799 0.586193273424551 0.579767280313801 0.57650109139811 0.564577277691268 0.582103929914143 0.545421780773974 0.54980725802632 0.579284891169037 0.588548467286541 0.58872474159996 0.584374001282461 0.584777731572497 0.585122496293022
-9999 -9999 -9999 -9999 -9999 -9999 -9999 -9999 -9999 -9999 -9999 -9999 -9999 -9999 -9999 -9999 0.407498562627911 0.522375006566545 0.530329287481888 0.54201991322107 0.458812040619448 0.451540216441197 0.564429472268993 0.589695252747334 0.589695264379698 0.589695255571013 0.589695234338702 0.589695259838249 0.589695267126889 0.589695250398143 0.589695261361694 0.589695242294049 0.589695239291099 0.589695252106852 0.589675800515953 0.589687518091802 0.589695236020707 0.589695252801803 0.589695249710104 0.589695243026618 0.589298545127826 0.581653716810896 0.573028643377266 0.579190268101357 0.587857361654156 0.580465575182154 0.572908475930405 0.587532564179758 0.588193212983498 0.589695235133304 0.589695254665774 0.58969525259941 0.587773390923856 0.589695246805584 0.589695247630271 0.58969525537182 0.589632701005572
-9999 -9999 -9999 -9999 -9999 -9999 -9999 -9999 -9999 -9999 -9999 -9999 -9999 -9999 -9999 -9999 0.248718202611145 0.217225311952256 0.248737025828539 0.187700548885361 0.263082345951857 0.403137405986227 0.506382283508261 0.557556828914404 0.55752011532408 0.562844782323924 0.581246260157203 0.590151613192199 0.590151638253801 0.590151638234001 0.590151615280036 0.590151626418076 0.590151602000205 0.590151632971822 0.590151616626499 0.590151621473021 0.590151614391394 0.590151624229851 0.590151630964451 0.59015162518995 0.589935102376537 0.588972735326057 0.572770101760634 0.582057097448007 0.590151621685337 0.590151632335867 0.589741761102591 0.5897228962877 0.588058181089514 0.590151616226632 0.590151623693822 0.590151636753118 0.590151613795727 0.590151621903842 0.589979284421013 0.589498113328017 0.590151623677275
-9999 -9999 -9999 -9999 -9999 -9999 -9999 -9999 -9999 -9999 -9999 -9999 -9999 -9999 -9999 -9999 0.116074819353965 0.121941367626189 0.0568175613331945 0.054169744105757 0.456429183158486 0.57716389077845 0.568344570380423 0.544397851974625 0.583963592313553 0.584134484546981 0.589347256771925 0.590607711815375 0.590607693017241 0.590607696900063 0.590607697039673 0.59060768575822 0.590607636686119 0.590607738024381 0.590607684867805 0.589231116740827 0.590607698787636 0.59060770965343 0.590607705282126 0.589645641078656 0.589207465109127 0.589530549733806 0.573074210532453 0.584582307058867 0.590607689962678 0.590607700508711 0.590607709863418 0.587752109054674 0.590493165158928 0.590607677968408 0.590607708905573 0.590607662921478 0.59060770337493 0.590607684931289 0.587387151315818 0.588133307806099 0.590607685191047
-9999 -9999 -9999 -9999 -9999 -9999 -9999 -9999 -9999 -9999 -9999 -9999 -9999 -9999 -9999 -9999 0.119721980003778 0.323517570251328 0.0334262651122043 0.220515669100076 0.502375930156849 0.589401966635096 0.591063386586554 0.591063425070918 0.591063336573501 0.591063401464715 0.591063388921392 0.591063421650788 0.591063389876411 0.591063394651524 0.5910633928675 0.591063395884693 0.591063385577119 0.591063386112537 0.590982268332526 0.585940706370817 0.588284390819309 0.586243168077275 0.586109081710312 0.581831679032019 0.587409530993543 0.587333880321865 0.588606232625639 0.583975333029586 0.589487185872446 0.589059090414184 0.587334844399633 0.587930782980748 0.591020487064902 0.590437650733969 0.591063410029018 0.59106336844845 0.591063412902038 0.590713039013203 0.590063006591807 0.590172703182094 0.589861679443151
-9999 -9999 -9999 -9999 -9999 -9999 -9999 -9999 -9999 -9999 -9999 -9999 -9999 -9999 -9999 -9999 0.0948372349187575 0.46138202727534 0.280527262850297 0.380512168258429 0.458850750789531 0.578702642551413 0.591518838052087 0.591518851798542 0.591518798379616 0.591518827487854 0.591518803515155 0.591518802925735 0.591518834727751 0.591518829849231 0.591518823024292 0.591518845853433 0.591518811182659 0.591511774135571 0.590033717562896 0.58805652877782 0.591518840731394 0.591458949727259 0.587574008986134 0.58460261879165 0.591518847571973 0.591518827441677 0.591518809017286 0.591518845831452 0.588387599205705 0.587026009196814 0.587845984653366 0.591515586423222 0.591360222514367 0.589205910162823 0.591518835360208 0.591518819317939 0.58842244115025 0.547931700268592 0.563741251388907 0.586187519339194 0.587336431817314
-9999 -9999 -9999 -9999 -9999 -9999 -9999 -9999 -9999 -9999 -9999 -9999 -9999 -9999 -9999 -9999 0.487631747288064 0.445501870129217 0.350469407265436 -9999 0.248693567865165 0.553894003219018 0.591973937953569 0.591973967725636 0.591973925693849 0.591973953004026 0.591973946995363 0.591973958627999 0.591973932152795 0.591973947830672 0.591973944249199 0.591973954217579 0.591973943528778 0.591968164720713 0.591003624147427 0.587671330779422 0.591973941904273 0.591973930391881 0.590437476766484 0.587675044514185 0.584995303094986 0.591973949298171 0.591973941516022 0.591973952084698 0.591973944315539 0.591973954651828 0.591973950406789 0.591973940123988 0.591973965107039 0.591465114384481 0.587908698524255 0.586473012595738 0.555317736556377 0.482084854209791 0.567562722378569 0.583935088887489 0.45846194574423
-9999 -9999 -9999 -9999 -9999 -9999 -9999 -9999 -9999 -9999 -9999 -9999 -9999 -9999 -9999 -9999 0.457475368997206 0.398075151963924 0.272172222472428 0.26202801657814 0.514253307766229 0.585594178800118 0.592428755076876 0.592428800709804 0.592428751287991 0.592428776480781 0.592428768133729 0.59242874846577 0.592428790662892 0.592428760967559 0.59242875201001 0.59242875509045 0.592428786445535 0.592428759551055 0.592302894935134 0.588749979938067 0.592428762211035 0.592428762446061 0.592341909790446 0.588842464613919 0.590318022527283 0.580559384589102 0.592428743589558 0.592428755658835 0.592428786200342 0.592428757328741 0.592428769280915 0.592428771293684 0.583110792059409 0.575455622217071 0.572496761370197 0.582116008803367 0.541431261781745 0.577867753777361 0.591346705397438 0.591445119028502 0.539026350883848
-9999 -9999 -9999 -9999 -9999 -9999 -9999 -9999 -9999 -9999 -9999 -9999 -9999 -9999 -9999 -9999 0.515733061190242 0.472091613665892 0.351415370530008 0.373280505129206 0.412071251108002 0.576202924066178 0.587017896229082 0.592883275827235 0.592883233122984 0.592883241346237 0.592883238558204 0.592883247881406 0.592883251625608 0.592883260403189 0.592883234384654 0.592883255587375 0.592883247298512 0.592883270209255 0.592883262883529 0.590685576107965 0.592883270647073 0.592883257010191 0.592883249812413 0.59189676780895 0.589950657302968 0.592883250484921 0.59288321855944 0.592883253619757 0.59180918556764 0.584635902218962 0.577079920450883 0.572612644708492 0.557808993127832 0.592883251864744 0.592883243846088 0.592883257729237 0.592883240370573 0.592883250649103 0.592578281878413 0.592775431157823 0.592844813916389
-9999 -9999 -9999 -9999 -9999 -9999 -9999 -9999 -9999 -9999 -9999 -9999 -9999 -9999 -9999 -9999 0.484717076322065 0.480583954518209 0.280230260823392 0.337893066896032 0.481417416366596 0.530074543381858 0.561137129939974 0.59226363737758 0.593337350709405 0.593337378554867 0.593337394385575 0.59333737766833 0.59333738687264 0.593337373577478 0.593337377091357 0.593337392082775 0.59333737838255 0.593337395548594 0.593337383791042 0.59333737039869 0.593337385243575 0.593337384589912 0.593337382086399 0.593337369365 0.591872275998313 0.593337379178787 0.593337373654425 0.591839055651233 0.577637665946594 0.575672561449215 0.588151100635537 0.59279814120706 0.593336882636777 0.593329853224773 0.593337403829413 0.593337370091095 0.593335946839624 0.593318042916033 0.593337374578815 0.593337392477331 0.593337372622661
-9999 -9999 -9999 -9999 -9999 -9999 -9999 -9999 -9999 -9999 -9999 -9999 -9999 -9999 -9999 -9999 0.47888410937785 0.495598780617944 0.481087578053887 0.47996698764361 0.593791267734539 0.589571994898879 0.583821173202331 0.59265716516493 0.593791251104306 0.592696732850634 0.591932185702461 0.589380736365799 0.59379129488846 0.593791253304472 0.593791285648908 0.593791242691674 0.593791269809667 0.593791273771792 0.593791267313089 0.593791260975526 0.593791225811185 0.593791296408993 0.593791274556825 0.59379127051364 0.593791257470095 0.593791261448767 0.593791254465409 0.584498291906013 0.579160065636345 0.59379126292916 0.592724080185718 0.587926023431449 0.570153149276127 0.59378533715217 0.593791286638331 0.593791260500133 0.593781097593131 0.593751148081666 0.593791263860386 0.593791283769209 0.593791245723875
-9999 -9999 -9999 -9999 -9999 -9999 -9999 -9999 -9999 -9999 -9999 -9999 -9999 -9999 -9999 -9999 0.106495092110593 0.549870171283595 0.545794831937996 0.586093832709101 0.594244797980103 0.594244830990968 0.59416657685759 0.594211460294307 0.59349712899874 0.563141131863209 0.567752008330108 0.586034985792673 0.594244825973777 0.594244812835283 0.594244840791497 0.594244805706202 0.59424477993736 0.594244812882375 0.59424479455906 0.594244804386197 0.594244812535745 0.594244805316213 0.594244795434532 0.594244789020502 0.59424478624917 0.594244811493652 0.594244801828377 0.592066089713062 0.555067653403511 0.573151643334426 0.587753793925867 0.575920959369762 0.589822338416245 0.586309631729228 0.594244822171348 0.594244782464885 0.594243768836992 0.594241957928498 0.59424478908878 0.594244801602451 0.594244811788799
-9999 -9999 -9999 -9999 -9999 -9999 -9999 -9999 -9999 -9999 -9999 -9999 -9999 -9999 -9999 -9999 0.359153421535467 0.274060679912647 0.184095435254964 0.429694109747079 0.576625860141938 0.583602618434245 0.52463841220418 0.463234962665358 0.394701637834479 0.28669927758534 0.450823876598299 0.567915464827397 0.576717327113459 0.537805060739455 0.531402788440908 0.541597070168462 0.590634047085155 0.594679413471811 0.594698006810996 0.594698037665308 0.594698038996213 0.594698028591026 0.594698034509048 0.594698021229842 0.594698000634669 0.594698022015057 0.594698024047557 0.59469801967202 0.569580174191664 0.590698382367834 0.54501438576343 0.441055185165185 0.570278401469606 0.594698017631944 0.594698048012027 0.594698012811372 0.594698015869124 0.594698028114256 0.594698018958728 0.594698026635319 0.59469802213575
-9999 -9999 -9999 -9999 -9999 -9999 -9999 -9999 -9999 -9999 -9999 -9999 -9999 -9999 -9999 -9999 0.248052993864349 0.0647713886471296 0.154148736662094 0.149730648219182 0.486460756118938 0.359148180990241 0.331855337305596 0.0778358203238749 0.0795166593563969 0.0919766510512906 0.184214727485071 0.337243207923363 0.445963924430687 0.359326623488186 0.341641079348423 0.375496259718086 0.468787175380512 0.586922227794676 0.595150911873228 0.595150932719558 0.595150907950201 0.59515093560023 0.595150913437095 0.595150924623623 0.595150900083003 0.595150931362053 0.595150907190211 0.595150925581939 0.561346141064586 0.572490692362612 0.592204583262183 0.594057066765483 0.595150946410813 0.595150924455723 0.595150934752045 0.595150908215577 0.595150914725314 0.595150918898478 0.594702925359756 0.59324226522709 0.588540727859397
-9999 -9999 -9999 -9999 -9999 -9999 -9999 -9999 -9999 -9999 -9999 -9999 -9999 -9999 -9999 -9999 -9999 -9999 0.335702614955844 0.365071640681738 0.312348833131177 0.1161659339859 0.428567975889733 0.363015096073749 0.233842400410085 0.110021327043798 0.205125914859705 0.351785547228874 0.475934084183306 0.549632217491258 0.55804094853595 0.507922175468978 0.341612266253891 0.474097521408352 0.565565926740897 0.595603514534552 0.59293025829948 0.560230035319062 0.48910082260398 0.468304460127068 0.582255353760486 0.587423969765537 0.594702547214623 0.595603522530031 0.556669560572726 0.585631090064832 0.595603510263257 0.59560349777697 0.595603513471641 0.595603505066374 0.595603510721312 0.595603517649725 0.595603496773698 0.595603523233552 0.595267505548478 0.594172013620567 0.590645861789465
-9999 -9999 -9999 -9999 -9999 -9999 -9999 -9999 -9999 -9999 -9999 -9999 -9999 -9999 -9999 -9999 -9999 -9999 0.301010496879504 0.464662489451193 0.541544332075315 0.39344361031796 0.387422504692797 0.545788333642354 0.566123503493897 0.511164421775846 0.548360385275988 0.582324294909098 0.590829605493382 0.595209062763795 0.595814233444986 0.59208832691583 0.453948236161332 0.388547610133352 0.366690176198756 0.509792467625917 0.355266327630833 0.429379892930139 0.558090736237088 0.486435643182928 0.40002848199148 0.388591301841725 0.582486530118664 0.594537076250555 0.563717891899676 0.595776426705884 0.596055820898757 0.59605578587841 0.596055833710754 0.596055798392581 0.596055817994087 0.596055828208662 0.596055814260409 0.596055825203449 0.596055817367417 0.596055829569521 0.596055809021655
-9999 -9999 -9999 -9999 -9999 -9999 -9999 -9999 -9999 -9999 -9999 -9999 -9999 -9999 -9999 -9999 -9999 -9999 -9999 0.397471866109182 0.582242824429675 0.573673583844673 0.545299765383237 0.558600820904843 0.596507742566931 0.596507775298731 0.594454347929245 0.594935282538553 0.596507790513315 0.596507753345905 0.596507777216817 0.59650771468124 0.596338827423188 0.581886617733151 0.557369983933836 0.534016195005684 0.545775768837486 0.580087527524625 0.596507773236218 0.596507771193541 0.594590815832598 0.49652382485365 0.3936803005465 0.523524984092853 0.489456913666904 0.566922716150821 0.596507768977794 0.596507778357246 0.596507799148613 0.596507779321939 0.596507790182528 0.596507791039541 0.596507772274715 0.596507790263114 0.596507771832746 0.596507795965793 0.59650778011559
-9999 -9999 -9999 -9999 -9999 -9999 -9999 -9999 -9999 -9999 -9999 -9999 -9999 -9999 -9999 -9999 -9999 -9999 -9999 0.181989483539079 0.552310055043973 0.593199145401416 0.594534139959651 0.585630940722736 0.596959391204321 0.596959414848431 0.596959410980246 0.594758526804748 0.596959414300367 0.596959392534768 0.596959414659488 0.596959392018906 0.59695938660193 0.596959433685385 0.596959399743776 0.596959375445285 0.596959410539341 0.596959407454181 0.596959394472316 0.596959391787585 0.596959425911899 0.596959399027973 0.593319988529975 0.531277175908453 0.448157415776388 0.430275684004988 0.595729119248016 0.59695939991742 0.596959403458196 0.596959397767968 0.596959412386345 0.596959400178988 0.596959395078518 0.596959403429758 0.59695940273897 0.596959410084197 0.596959395105052
-9999 -9999 -9999 -9999 -9999 -9999 -9999 -9999 -9999 -9999 -9999 -9999 -9999 -9999 -9999 -9999 -9999 -9999 -9999 -9999 0.504442732108234 0.596375358534724 0.597410748833305 0.597410683467221 0.597410730701785 0.597410739707513 0.597410693180647 0.597410718810259 0.597410734867115 0.597410717834451 0.597410726467799 0.597410699899568 0.597277736848876 0.592527686371228 0.594031504572773 0.597410721671596 0.597410729703549 0.597410704252788 0.597410726553535 0.597410707624189 0.597410732257637 0.597410699199087 0.597410726242929 0.597410693182055 0.586747788276701 0.411650274098415 0.566806724199641 0.597410736585526 0.597410716918759 0.597410744162969 0.597410743463442 0.597410719236119 0.597410714447835 0.597410741178127 0.597410721560446 0.597410737729697 0.597410721331927
-9999 -9999 -9999 -9999 -9999 -9999 -9999 -9999 -9999 -9999 -9999 -9999 -9999 -9999 -9999 -9999 -9999 -9999 -9999 0.096398277208209 0.556845206440662 0.597861765835467 0.597861748447195 0.597644971620355 0.597408721696879 0.597861784059779 0.597861750523091 0.597861816941866 0.597861722824741 0.597861762751619 0.597861767694454 0.597861783214907 0.597850034555284 0.597432206371555 0.597564475007114 0.597861778079075 0.597861748203553 0.59786178000291 0.597861764909098 0.597861783567331 0.597861779615554 0.597861757570428 0.597861766099657 0.597861763868009 0.595741831110538 0.495992470280683 0.486266937341428 0.595384803802676 0.597861771941927 0.597861768152379 0.597861778096138 0.597861752009695 0.597143229103213 0.539678482752048 0.42004930810228 0.443044626723218 0.538282348516221
-9999 -9999 -9999 -9999 -9999 -9999 -9999 -9999 -9999 -9999 -9999 -9999 -9999 -9999 -9999 -9999 -9999 -9999 0.343275485867191 0.531562998242535 0.597438449597404 0.59831244144511 0.598312424659981 0.598312392237242 0.598312405480547 0.598312442862339 0.598312404522623 0.598312441684857 0.59831241617763 0.598007013681062 0.597117003939537 0.598032101242322 0.598312437538388 0.598312426135418 0.598312402473003 0.598085074293606 0.598312432880306 0.59831241409141 0.59831245037281 0.598312407524618 0.595396290515131 0.596741174500686 0.598312409139115 0.598312419614278 0.598312416459067 0.588342010184334 0.433611186128046 0.515340579724311 0.596200881013304 0.592816128034379 0.593814870222763 0.594418942237803 0.584685389747672 0.542462133599307 0.596174368623756 0.573552919894724 0.498168166907889
-9999 -9999 -9999 -9999 -9999 -9999 -9999 -9999 -9999 -9999 -9999 -9999 -9999 -9999 -9999 -9999 -9999 -9999 0.204987673643908 0.505905492792931 0.598762807482187 0.598762777992307 0.59876281084534 0.598762828426444 0.598762782662914 0.598762826254706 0.59876279639315 0.598762805814397 0.598762826783648 0.598762802057465 0.598307427997784 0.59857702398627 0.598762774837346 0.5987628190886 0.598762808196493 0.598102351918022 0.598762799742168 0.598762808379498 0.598762795663139 0.598762806035737 0.598762782737336 0.598762829434869 0.598762798530158 0.598762805037921 0.598762802246825 0.597698503760544 0.48507744873901 0.496184412874284 0.574725223586124 0.576219059133585 0.585686219002649 0.591272999337887 0.597352524429477 0.597492669632613 0.597114304653181 0.597879434761909 0.598732549553979
