reduced_data/pacific_coast.asc
NCOLS 255 
NROWS 395 
XLLCORNER -124.770670109212 
YLLCORNER 32.5345094086028 
CELLSIZE 0.0416963437796804 
NODATA_value -9999 
[rows 75 to 99 of 395, columns 0 to 56 of 255]
-9999 -9999 -9999 -9999 -9999 -9999 -9999 -9999 -9999 -9999 -9999 -9999 -9999 -9999 -9999 -9999 -9999 -9999 -9999 0.427846773752588 0.599212858385823 0.599212875147392 0.599212872415813 0.59921286835826 0.599212893617138 0.599212853730404 0.599212872529596 0.599212896196704 0.599212853881648 0.599212878851211 0.599212859949439 0.599212847623252 0.599212866793831 0.599212882217565 0.599212872602499 0.599212862006084 0.599212886854217 0.597577666160261 0.596599024816535 0.599212876084757 0.599212891195612 0.599212857354426 0.599212873978577 0.599212859514024 0.599212864822581 0.599212849757478 0.571429222975662 0.390253560388943 0.531229129102928 0.568294814036071 0.589855731184084 0.598148959085861 0.597620135440444 0.598116189140221 0.598081379967548 0.598446779098804 0.59920628799573
-9999 -9999 -9999 -9999 -9999 -9999 -9999 -9999 -9999 -9999 -9999 -9999 -9999 -9999 -9999 -9999 -9999 -9999 -9999 0.534718952216482 0.599662653559765 0.599438653804143 0.599274357128707 0.599662589213724 0.597713450919721 0.599662586987924 0.599662612771261 0.599662575538839 0.597082682935707 0.599662627257346 0.599662574884882 0.599662620727163 0.599662603788097 0.599662621355699 0.59966259063277 0.599662623789736 0.599662600439827 0.599539371282971 0.599465606817095 0.599662624123773 0.597487779446023 0.599662603287596 0.599662628614229 0.599662588893378 0.599662614192358 0.587616795888958 0.485854837681734 0.357888224263352 0.530710893877827 0.597290298559493 0.597867659238299 0.598082342844407 0.599615568095481 0.599645680885531 0.599662606179645 0.598821664475146 0.599662123220012
-9999 -9999 -9999 -9999 -9999 -9999 -9999 -9999 -9999 -9999 -9999 -9999 -9999 -9999 -9999 -9999 -9999 -9999 0.159085119014651 0.492647694805797 0.600112060162038 0.600112050519245 0.600112050082229 0.600112069830963 0.600112019022111 0.600112075555104 0.600112048926539 0.600112053866177 0.600112006240445 0.600112065759102 0.600112049013211 0.600112056793037 0.600112061329188 0.600112055695417 0.600112034491553 0.600112055935544 0.600112066522114 0.600112054828166 0.600112057180194 0.600112037464985 0.600000404353092 0.599508261006586 0.600112063373894 0.600112050667728 0.600112031096291 0.592687641885808 0.525117811817352 0.378138047317316 0.509333714682214 0.599945462528726 0.599861248647594 0.598315624409753 0.600037828741998 0.600112068335421 0.597264646846691 0.59910517306183 0.599981063896688
-9999 -9999 -9999 -9999 -9999 -9999 -9999 -9999 -9999 -9999 -9999 -9999 -9999 -9999 -9999 -9999 -9999 -9999 0.251172683478217 0.43425643376318 0.599907507975023 0.587437459431794 0.599979647098798 0.600561122477137 0.600561145524996 0.60056112358373 0.600561132744581 0.600561141773129 0.600561119081075 0.600561108271793 0.600561114764775 0.600561119208157 0.600561105617896 0.600561128943178 0.600561118956454 0.600561129780778 0.600561118522803 0.600561115956104 0.600561147007913 0.600561121817867 0.59978001947149 0.600561113227377 0.600561130139172 0.600561115935304 0.600302364159654 0.58419645357499 0.440472457481452 0.394586521092584 0.396679554345674 0.588868220003867 0.600423432059799 0.600262570530281 0.600357294204898 0.600561151164714 0.600561119543868 0.600561149582189 0.600201257175025
-9999 -9999 -9999 -9999 -9999 -9999 -9999 -9999 -9999 -9999 -9999 -9999 -9999 -9999 -9999 -9999 -9999 -9999 -9999 0.421498665200975 0.425177733766802 0.551664531393838 0.60062834035816 0.601009951546684 0.600529239577048 0.601009928544435 0.601009943105022 0.601009905263093 0.6010099530012 0.601009918702607 0.601009923907935 0.601009933979725 0.601009907360942 0.601009938444882 0.601009919518075 0.601009920523624 0.601009934919302 0.601009922591321 0.60100995678005 0.60100992183616 0.600497339703593 0.600930873742585 0.600886048906663 0.601009941742764 0.599663500983854 0.568724603482844 0.482153351281685 0.390957088519476 0.466186351977437 0.473069286240724 0.595193468537209 0.599797138494609 0.601009922252105 0.60100992717882 0.601009911848615 0.601009937012452 0.601009918259635
-9999 -9999 -9999 -9999 -9999 -9999 -9999 -9999 -9999 -9999 -9999 -9999 -9999 -9999 -9999 -9999 -9999 -9999 -9999 0.375791491650603 0.5442686580313 0.598890674312875 0.601458388227546 0.601458387020231 0.601428070188876 0.601458376392333 0.601458356910177 0.601458391116406 0.601458390241576 0.601458374810472 0.60145838274247 0.601458359107422 0.601458387925509 0.601458391355608 0.601458384013645 0.601458403608783 0.601458382091819 0.601143320139935 0.600954769909283 0.601458405984563 0.601458382108782 0.601268621612125 0.601161075190991 0.60145836546967 0.601318518187632 0.584351644840884 0.562649532250499 0.517805867253895 0.346438814786925 0.457719269452701 0.597696796805325 0.600658860500295 0.601458368598223 0.601458393912524 0.601458381040117 0.601458367550335 0.601458366395747
-9999 -9999 -9999 -9999 -9999 -9999 -9999 -9999 -9999 -9999 -9999 -9999 -9999 -9999 -9999 -9999 -9999 -9999 -9999 0.399154902561237 0.601906572697292 0.601906539110693 0.601906551866395 0.601906564935867 0.601906516330201 0.601906534851077 0.60190653160038 0.601906542868699 0.601906547562407 0.601906526620626 0.601906522802919 0.601906500625605 0.601906531692643 0.601906550184697 0.601906550784473 0.601906506786541 0.601111438480024 0.601855849649716 0.599789975366924 0.60111397620397 0.601906520955911 0.601906543146084 0.60190653632491 0.601906544435577 0.600040465656798 0.601793219064855 0.579323436669442 0.475818108804941 0.460352732436229 0.392627862429635 0.464697134150316 0.517440364442431 0.554919823653961 0.554318081206366 0.574241422915619 0.579164763507526 0.55553211031283
-9999 -9999 -9999 -9999 -9999 -9999 -9999 -9999 -9999 -9999 -9999 -9999 -9999 -9999 -9999 -9999 -9999 -9999 -9999 0.292460585091309 0.515135515286002 0.597825367887222 0.602354373664587 0.602354346741016 0.602354339869042 0.602354376827112 0.60235434679365 0.602354361501363 0.602354352964818 0.602354366004077 0.602354362058212 0.602354342408742 0.602354354141713 0.602354363451906 0.602354350171738 0.602354363727447 0.602354360089518 0.602222417086639 0.601508289329177 0.602107041785773 0.602354346526048 0.602354358069567 0.602354361431746 0.6023543483647 0.602354352346685 0.602354359178545 0.602303998503288 0.564905047414902 0.53687263666199 0.51849440386065 0.547344749471369 0.522716440328335 0.477372266069834 0.450223397899428 0.472506944903762 0.453059162045524 0.511711201444955
-9999 -9999 -9999 -9999 -9999 -9999 -9999 -9999 -9999 -9999 -9999 -9999 -9999 -9999 -9999 -9999 -9999 -9999 -9999 0.18574359053227 0.14389061182701 0.555919564998027 0.602801873606667 0.602801831870694 0.602801870822432 0.602801852084727 0.602801823160943 0.602801851102178 0.602801848289274 0.602801858416172 0.602801860141071 0.602801820344524 0.602801856014361 0.60280187031748 0.602801856369674 0.602801847779954 0.602801851001416 0.602801827097074 0.602801844340111 0.602801834643034 0.599353662224182 0.60280185281875 0.60280183234039 0.602801850593059 0.60280183315083 0.602801866812022 0.602325029228368 0.602266314519307 0.587664763698873 0.552642215854981 0.570903924122503 0.599804537142053 0.597808792461806 0.584643352281841 0.566502411906005 0.52065759256229 0.563451820557022
-9999 -9999 -9999 -9999 -9999 -9999 -9999 -9999 -9999 -9999 -9999 -9999 -9999 -9999 -9999 -9999 -9999 -9999 0.25402919948101 0.434755082828788 0.409702874105386 0.429735659916836 0.603249090117775 0.603249083307795 0.603249153930557 0.603249079494708 0.603249090845944 0.603249087446384 0.603249099225504 0.603249075257393 0.603249106865146 0.603249045298728 0.6032490760671 0.603249087339366 0.603249094134097 0.603249080973661 0.590421010672732 0.480503020460142 0.600982627602984 0.602443414321897 0.586703584786711 0.601850022288937 0.603249082710973 0.601757494418092 0.603249102237463 0.603249081906009 0.603226380908401 0.603222387208675 0.603081744384181 0.586178354263479 0.520264495026363 0.581005270923928 0.602565481977656 0.602340992773364 0.601862171422202 0.599954964538002 0.601053134605693
-9999 -9999 -9999 -9999 -9999 -9999 -9999 -9999 -9999 -9999 -9999 -9999 -9999 -9999 -9999 -9999 -9999 -9999 0.216408645734191 0.451277267064653 0.602843394052933 0.57835194433965 0.603690742221821 0.603695919994464 0.603695891028825 0.603695956584221 0.603695893455611 0.603695922569237 0.603695865933378 0.603695938522986 0.603695912264758 0.603695905539835 0.602818765484121 0.585151546437356 0.603695903812713 0.603695893338598 0.602532641706206 0.578883719210028 0.599425575476602 0.603695922302355 0.603457453151719 0.597563737695509 0.598849767031545 0.602949350449975 0.603548092352413 0.60369590264232 0.603651866966771 0.603503100845129 0.603290118472316 0.595569332208064 0.548510814556513 0.586868240569109 0.601467628300843 0.602561823217351 0.603110006293618 0.60362152539484 0.603322738246814
-9999 -9999 -9999 -9999 -9999 -9999 -9999 -9999 -9999 -9999 -9999 -9999 -9999 -9999 -9999 -9999 -9999 -9999 -9999 0.232667466768047 0.601349790774924 0.604142462022291 0.603792496418264 0.603922919632837 0.604131778655372 0.603853655289383 0.604142477155662 0.60414245921035 0.60414247854535 0.604142456643606 0.604142460914565 0.604142477923099 0.603682062452353 0.594408244777349 0.604142473971911 0.604142491526188 0.604142474334199 0.604142462749831 0.604142476296879 0.604142452581192 0.604142480473238 0.604142482213187 0.603896714978042 0.603800344843517 0.60377770894225 0.604142473336018 0.604033787870163 0.604102144789284 0.603089058203138 0.579144199923803 0.561710163145096 0.575066623061806 0.598701701843059 0.596659323797549 0.590027383369101 0.596340451276564 0.594508347518622
-9999 -9999 -9999 -9999 -9999 -9999 -9999 -9999 -9999 -9999 -9999 -9999 -9999 -9999 -9999 -9999 -9999 -9999 0.12699549601547 0.449991318976234 0.602981284458272 0.604588692465464 0.604378984218568 0.604457157778175 0.604436614329509 0.600420887015108 0.604496344744593 0.604588684136807 0.60458869494338 0.604588683513893 0.60458868460294 0.604588701732629 0.604588675809288 0.604588688763276 0.604588707627855 0.604588676145773 0.60452315685609 0.603341289896868 0.604588693399878 0.604588672272846 0.604588691491304 0.604588691824364 0.604441449400594 0.604532684206179 0.604588671718094 0.604588682128048 0.604588686989315 0.604588670586409 0.604084575400564 0.593591588463798 0.588136631467132 0.541586099128221 0.594401364527895 0.599552047128727 0.596208201607124 0.599365758016543 0.596042998672723
-9999 -9999 -9999 -9999 -9999 -9999 -9999 -9999 -9999 -9999 -9999 -9999 -9999 -9999 -9999 -9999 -9999 0.0769098404285695 0.181732476545082 0.506677508667198 0.605034589787453 0.60503461636514 0.605034639095995 0.605034662599908 0.605028859671368 0.604877949887073 0.605030969936966 0.605034624350438 0.605034632669845 0.605034618032108 0.605034635613411 0.60503463129936 0.604409445682199 0.603364639008508 0.602474148147187 0.605034622872778 0.605032040506955 0.604985692965481 0.605034630991612 0.605034601949066 0.604971216976522 0.603386560534934 0.604002719442565 0.604970997092481 0.60503461802586 0.605034626199618 0.604943120616087 0.604779792532845 0.605022508757121 0.604521986870572 0.555221812783487 0.585279717239479 0.604116590701492 0.601210055334519 0.59954701592411 0.60494476265805 0.602307942763137
-9999 -9999 -9999 -9999 -9999 -9999 -9999 -9999 -9999 -9999 -9999 -9999 -9999 -9999 -9999 -9999 -9999 -9999 -9999 0.430241695730915 0.605480223507223 0.605480161284991 0.60548021243257 0.605480238448878 0.60548015300594 0.605480224651679 0.605480170911388 0.605480241211638 0.605480200912807 0.605480176563398 0.605480206202107 0.60548019484493 0.593549948544318 0.594922854542497 0.605097439210264 0.605480236522036 0.605404195901564 0.60310789779841 0.603655227881763 0.605345587239128 0.603768289787427 0.604341715361811 0.589327190957647 0.582301751914424 0.597619842615052 0.597135911348273 0.586228865295677 0.579127127904294 0.572988669366468 0.563572991700456 0.568340217102911 0.597962763810792 0.605100284424087 0.605040642727344 0.604300190194769 0.60436555727359 0.60503467363724
-9999 -9999 -9999 -9999 -9999 -9999 -9999 -9999 -9999 -9999 -9999 -9999 -9999 -9999 -9999 -9999 -9999 -9999 0.150970621486046 0.479954638551714 0.605925408926537 0.605925431201665 0.60592544804077 0.605669867781993 0.605925403297841 0.605925463766697 0.605925414503998 0.605925458068313 0.605925430110049 0.605925410797545 0.605925458015127 0.605925424012395 0.605925465548346 0.605797279675477 0.605716456890924 0.605925441051368 0.605925418956711 0.605925422433989 0.605115642754742 0.603487814834433 0.603485373822652 0.588273858721603 0.575237161368996 0.586353460585547 0.585317282338176 0.587491717567772 0.596210756575848 0.605141607093849 0.594811742880363 0.60071736593037 0.605925449357897 0.604599833053893 0.605295288537513 0.605879248277168 0.605829710198714 0.605496069475934 0.605791854628926
-9999 -9999 -9999 -9999 -9999 -9999 -9999 -9999 -9999 -9999 -9999 -9999 -9999 -9999 -9999 -9999 -9999 -9999 0.195775633961652 0.452732223284393 0.606370417464942 0.606370404946203 0.606370408740993 0.606224205663253 0.606354090135888 0.605928586648868 0.606370404779437 0.60637037639823 0.606370425550323 0.606370395112134 0.60637043657322 0.606370355045605 0.606370422718438 0.606370397260172 0.606370385631637 0.606370404192802 0.606370353524851 0.606370403305218 0.60637041807376 0.605156370268528 0.604722077834286 0.578147942222432 0.584239245737169 0.604892472477903 0.595745923028441 0.606057423409411 0.605889654172461 0.605918321768798 0.606197372136666 0.604051866541659 0.606370398108265 0.605859954514673 0.606050578419527 0.60365648137762 0.606370405536758 0.606370403495372 0.606248019641957
-9999 -9999 -9999 -9999 -9999 -9999 -9999 -9999 -9999 -9999 -9999 -9999 -9999 -9999 -9999 -9999 -9999 -9999 0.258522888986414 0.451985554907967 0.603684880059327 0.606815044669331 0.606815032421951 0.606815078260156 0.606814550139226 0.60680278843784 0.606815003238136 0.606815058041382 0.606815030280428 0.606815022685099 0.606815057356796 0.606815060554041 0.606814972103458 0.606815064123849 0.606815004107704 0.606815000002727 0.606815027760823 0.606815011975751 0.606815034866138 0.606815022943069 0.606106955110378 0.576728749538667 0.577087063157145 0.606141083608059 0.606526331306825 0.605459104839766 0.603277333026005 0.604289823055425 0.606811366052704 0.606420351899713 0.605454156790937 0.600503295996782 0.606809485679403 0.606739859456031 0.606815020606306 0.606815024884964 0.606813608131854
-9999 -9999 -9999 -9999 -9999 -9999 -9999 -9999 -9999 -9999 -9999 -9999 -9999 -9999 -9999 -9999 -9999 -9999 0.314109782573912 0.575293335095715 0.607259274678967 0.607259327054258 0.607259333411077 0.607259331385821 0.607259304563676 0.607259335063734 0.607259300697215 0.607259320056424 0.60725934273124 0.607184230628909 0.606138857682984 0.606853169623172 0.607194697287423 0.605832454583587 0.607159090208098 0.606458492724194 0.607241617001386 0.606715377552012 0.606928271172821 0.607259303649795 0.605403917673786 0.586220519106733 0.584565328603391 0.605844245349777 0.605438169286917 0.606035862984331 0.606319046771479 0.607179683507838 0.606324224878437 0.603286832122318 0.606444035256379 0.60725933701582 0.606533333203747 0.604780122505585 0.603599635867776 0.607259310978533 0.607259325325431
-9999 -9999 -9999 -9999 -9999 -9999 -9999 -9999 -9999 -9999 -9999 -9999 -9999 -9999 -9999 -9999 -9999 0.215068763277234 0.396385170888553 0.597820424880625 0.607703260016786 0.607703297337647 0.607703279566514 0.607703286170122 0.607703308483091 0.607703297772518 0.607703292681292 0.607703306577115 0.607692637773934 0.607283143448215 0.604538020770831 0.606525438313373 0.60755953503854 0.604364808357586 0.607215866004025 0.603683340514715 0.607703313026466 0.607052244320723 0.60666259876619 0.607703251471744 0.588370368991842 0.573123226841388 0.59741460619371 0.607600784738532 0.606705855120996 0.607703294797374 0.607703289869178 0.607703306849853 0.606451768631004 0.607108698014731 0.606993674087505 0.607703280701138 0.606087235074889 0.607703275326797 0.607703286133532 0.607703278744534 0.607703277219763
-9999 -9999 -9999 -9999 -9999 -9999 -9999 -9999 -9999 -9999 -9999 -9999 -9999 -9999 -9999 -9999 -9999 0.316716097939022 0.459692581943972 0.602119986485124 0.60814696298917 0.608146923339155 0.60814695207256 0.608146917545631 0.608146948535432 0.608146945443082 0.608146927080348 0.6081469825941 0.608134644355227 0.607855026824994 0.607780678723276 0.607997481628534 0.608146957656481 0.607900379963822 0.607744762583876 0.606925804341767 0.608110865196704 0.606890939887618 0.607236948345193 0.608146911879827 0.560558081767467 0.599098053400145 0.605180517954503 0.60814632579515 0.608146920907204 0.607394030014236 0.606852478815762 0.603151772070838 0.608146941016734 0.608146926358375 0.608146945959499 0.608146942181276 0.607903526481646 0.604859361386504 0.608146925340971 0.608146924253896 0.608146917530689
-9999 -9999 -9999 -9999 -9999 -9999 -9999 -9999 -9999 -9999 -9999 -9999 -9999 -9999 -9999 -9999 -9999 0.409980286216532 0.474713397433966 0.583665542434232 0.608590320924763 0.608590332074715 0.608590349333081 0.608590311935985 0.608590317071005 0.608590325792375 0.608590339621544 0.608590372086593 0.608590235289208 0.608226005470865 0.60798819996096 0.608590317401706 0.608590302766669 0.60858772017345 0.608067326262099 0.603884385412734 0.594585397029881 0.607683818374614 0.607159287576693 0.60813003370394 0.586745421129643 0.575378417519476 0.607976089730537 0.608590337689179 0.608590383829648 0.607830842231153 0.605906230964881 0.605349559431158 0.608590327895896 0.608590341213318 0.608590338220922 0.608590319776056 0.607721015658241 0.596848687152605 0.608590341103498 0.608590310558963 0.608590342614613
-9999 -9999 -9999 -9999 -9999 -9999 -9999 -9999 -9999 -9999 -9999 -9999 -9999 -9999 -9999 -9999 -9999 0.432094108907238 0.525431124176761 0.604567364188272 0.609033273861884 0.609033261197497 0.609033268038029 0.609033284997241 0.609033267334578 0.609033295986341 0.609033280526346 0.608994017767072 0.608675743524341 0.609033281216042 0.609033290453852 0.609033249029592 0.609033251276975 0.609033271316603 0.609033253166627 0.604263468263781 0.587210758045054 0.60883546918081 0.608717102304564 0.600326234818984 0.598789972847553 0.579382729933176 0.60770298380949 0.609033299201598 0.609033275039465 0.609033283003054 0.60850326631192 0.60864837936681 0.60618670104117 0.607831154452107 0.608356487924938 0.609033278004546 0.609033278996973 0.609033264630887 0.609033271246239 0.609033266756145 0.609033279200745
-9999 -9999 -9999 -9999 -9999 -9999 -9999 -9999 -9999 -9999 -9999 -9999 -9999 -9999 -9999 -9999 -9999 0.280261722165643 0.512482610666924 0.600647819160268 0.60455240218902 0.60947595131731 0.609475941045811 0.609475974450948 0.609475946507595 0.609475982028786 0.60947595405116 0.609392869997054 0.609304289926493 0.609475973620858 0.606281211384319 0.608172608366732 0.609475948139999 0.609475959657133 0.60947594672503 0.609069812981444 0.608320368945788 0.609336002477835 0.596785855859373 0.577518694953144 0.590790809089182 0.600204593038452 0.609056474661531 0.609475972146206 0.609475966201063 0.609475971633886 0.609475955319863 0.60947598261372 0.609366651868391 0.607882161127354 0.609475961044339 0.609475958459167 0.609475978199695 0.609475956689233 0.609475953603922 0.609475967844295 0.609475972571435
-9999 -9999 -9999 -9999 -9999 -9999 -9999 -9999 -9999 -9999 -9999 -9999 -9999 -9999 -9999 -9999 0.324075509862135 0.425346524956587 0.585709810047772 0.592703297940085 0.604068072548672 0.609918331600162 0.609918341874174 0.609918353661677 0.609918318428369 0.605427975186145 0.598860278832345 0.608486053636578 0.60991831129816 0.609918345986303 0.608255501918074 0.609239930119386 0.609918338293251 0.609918371829226 0.609918324567241 0.609918334707358 0.609918336659218 0.602469314283602 0.580577985127173 0.598620506654054 0.609912408803944 0.60981605487633 0.609918358560729 0.608193268067637 0.609918335798418 0.609918344073762 0.609918334583661 0.609918361613814 0.609918330273194 0.609918347143808 0.609918348125632 0.609918346990644 0.609918313716079 0.609918344686382 0.60991835091638 0.60991834576668 0.609918342047752
