reduced_data/pacific_coast.asc
NCOLS 255 
NROWS 395 
XLLCORNER -124.770670109212 
YLLCORNER 32.5345094086028 
CELLSIZE 0.0416963437796804 
NODATA_value -9999 
[rows 125 to 149 of 395, columns 0 to 56 of 255]
-9999 -9999 -9999 -9999 -9999 -9999 -9999 -9999 -9999 -9999 -9999 -9999 -9999 0.372640640972032 0.460423923961173 0.460921134229246 0.575867756195093 0.617477991707683 0.607309804826472 0.603893242711027 0.614757380270018 0.621189171439552 0.621305516993494 0.6213054993234 0.621305503005946 0.621305559819372 0.621305469611018 0.62130552913719 0.621305476502694 0.621305532998638 0.621305493860385 0.621305491451047 0.621305512192651 0.621305501305751 0.621305488514519 0.621305509617088 0.621305525364419 0.621305491690324 0.621305509828259 0.621305500019553 0.61779194637971 0.619768801819693 0.618108828488213 0.542646268818508 0.543961949274616 0.619285809156361 0.621305504093251 0.621305488671566 0.621305511321914 0.621305520348528 0.621305515821397 0.62130549925497 0.617826907823352 0.604687647397249 0.612832004699314 0.620569651720849 0.6213054992518
-9999 -9999 -9999 -9999 -9999 -9999 -9999 -9999 -9999 -9999 -9999 -9999 -9999 0.457453659764357 0.426261059756627 0.458372339827489 0.552627931101671 0.600758675758643 0.6113721397042 0.619588215176772 0.619400522490015 0.621591329141749 0.621739033138222 0.621739049106047 0.621739015322239 0.62173906497388 0.621739007869944 0.6217390521012 0.621739052525668 0.621739022111688 0.621739049313072 0.621739020939809 0.621739013262048 0.62173902169507 0.621739029522746 0.621739048002151 0.621739050712623 0.621739027232464 0.621739037542767 0.621739025891543 0.61460538388316 0.596087117583214 0.621739023710047 0.619452819750521 0.524174514432037 0.618661437953749 0.621739023285941 0.621739045829043 0.621739020171304 0.621739040029676 0.621739020407578 0.621739029962002 0.621678509458719 0.618225376432183 0.612974038590993 0.610940888245339 0.62100734428377
-9999 -9999 -9999 -9999 -9999 -9999 -9999 -9999 -9999 -9999 -9999 -9999 -9999 0.255744715506359 0.4723164745293 0.544262526286248 0.521158326745205 0.555206571346802 0.558409898270898 0.561334728174164 0.609238820854209 0.622172234645522 0.622172226781434 0.622172281401115 0.622172232162424 0.620097185196902 0.612776217430961 0.619721178250741 0.622172291813676 0.622172244458448 0.622172239618027 0.622172263548051 0.622172243187574 0.622172253029212 0.622172230781826 0.622172229995658 0.622172287613814 0.622172233861272 0.62217227944519 0.622172247406696 0.527704660849905 0.574779705202253 0.622172220478989 0.61924395730891 0.622172267642976 0.62150291284042 0.621144200169574 0.622172261098375 0.62217223097082 0.622172252058553 0.622172264411913 0.622172249873 0.622172266269533 0.622172234015686 0.621327736953196 0.590906699230267 0.402989340946706
-9999 -9999 -9999 -9999 -9999 -9999 -9999 -9999 -9999 -9999 -9999 -9999 0.395229542023888 0.393085003847932 0.586127523384501 0.622095520986501 0.622605155414379 0.622605155182795 0.622605163428382 0.622605125900513 0.572169816853143 0.591055496400707 0.586627001123579 0.591038006308842 0.60410252673269 0.603086547857144 0.591852444543432 0.596968293679598 0.619914189136655 0.62254598653373 0.622605187227083 0.622605132436127 0.622605179717882 0.621651817719626 0.62105025678779 0.622396453803463 0.622605124871335 0.622605147583042 0.622605170944034 0.622605151087323 0.622605161855363 0.622605145673879 0.622605134043512 0.622381600627606 0.622605146088106 0.622605172455569 0.622605145167845 0.622605187540467 0.622603356053328 0.622579151049252 0.622605157708721 0.622605136961863 0.622605200223124 0.622605151431931 0.622605161179548 0.581537142854122 0.486559832098562
-9999 -9999 -9999 -9999 -9999 -9999 -9999 -9999 -9999 -9999 -9999 -9999 0.487777011820901 0.501528527517368 0.561109842750473 0.590712998248945 0.623037690299719 0.623037686438653 0.622963150109219 0.623005133610108 0.623037699576761 0.618906152894709 0.613341547087265 0.621955633269512 0.623037698901952 0.62099596177922 0.617155581646591 0.609562497809782 0.584984799491961 0.609552055887134 0.615369092757644 0.623037682052984 0.623037689531244 0.623037708693337 0.623037686496969 0.617825875442833 0.623037698814584 0.623037696000785 0.623037697363212 0.623037704130391 0.623037723476778 0.623037667600928 0.623037682040812 0.623037716178815 0.623037682948976 0.623037688953589 0.623037694562975 0.623037711717971 0.623014056314311 0.622692846567875 0.62303770309308 0.623037679904938 0.623037699746016 0.623037695616642 0.623037697130382 0.561568851850902 0.611166976187733
-9999 -9999 -9999 -9999 -9999 -9999 -9999 -9999 -9999 -9999 -9999 -9999 0.218980414383005 0.564382058663607 0.522573715013211 0.529204099760903 0.623412285723251 0.623469909947674 0.623361271419308 0.62342246006909 0.623468468995484 0.61740496425644 0.609343062371248 0.621893359824671 0.623469896420461 0.623469900555554 0.623469893088389 0.615140578658023 0.608068466285008 0.587860764848796 0.599852654218118 0.623362312173057 0.623469869234655 0.623469934911099 0.623469896571627 0.619911178790338 0.623469894596783 0.623469920982939 0.623469895017924 0.623469927170637 0.623469904149482 0.62346988144221 0.623469900318657 0.623469916133569 0.623469902716197 0.623469906696866 0.62346990722143 0.623469908572537 0.623469905953487 0.62346991678645 0.623469914515742 0.623469892724973 0.623469910807131 0.623469894107305 0.623469893735334 0.620270128814089 0.623469902350207
-9999 -9999 -9999 -9999 -9999 -9999 -9999 -9999 -9999 -9999 -9999 -9999 0.366846833848475 0.600889888594947 0.602950121685142 0.604274463149176 0.623881624129677 0.623664481826555 0.623503745629666 0.623523305216607 0.62386600821428 0.623875586874857 0.623883522709969 0.62390184620725 0.623901776632523 0.623901837703803 0.6239018096307 0.62390183509729 0.616545442790996 0.593866632916298 0.602385366106716 0.623864760062645 0.623901833512578 0.623901821744872 0.62390181814436 0.62390181850919 0.623901811167775 0.623901810951538 0.623901813724697 0.623901808467579 0.623901836591395 0.623901800990828 0.623901837946701 0.623901810500334 0.623901803732417 0.623901827538981 0.623901821331332 0.623901825910289 0.623901812626971 0.623901833776985 0.623901814355754 0.623901829339908 0.623901816340859 0.623901808274257 0.623901835859138 0.623901811344468 0.623901828707986
-9999 -9999 -9999 -9999 -9999 -9999 -9999 -9999 -9999 -9999 -9999 0.0660910113372125 0.499049100672805 0.601624644305147 0.622378634542231 0.624325472008393 0.624229624176658 0.623403520546508 0.624333383083844 0.624333324039174 0.624228307798072 0.62405532958676 0.624136647511198 0.624331022843131 0.624333355316977 0.624333385066867 0.624333378434207 0.624333376050026 0.622996902361329 0.609913864206916 0.588136390807236 0.613843689670448 0.624333387873761 0.624333348477681 0.62433336042988 0.624333398113174 0.624333393262594 0.624333330642786 0.62433337007121 0.624333335726319 0.624333394931979 0.624333347631731 0.624333364797492 0.62433333623465 0.624333368461691 0.624333397249602 0.624333376244335 0.624333362648352 0.624333364332809 0.624333379793676 0.624333365085849 0.624333356476564 0.624333393691681 0.624333346751049 0.624333391828603 0.624333364856742 0.624333354054452
-9999 -9999 -9999 -9999 -9999 -9999 -9999 -9999 -9999 -9999 -9999 0.267527746904313 0.467266058666095 0.434613202010436 0.605039210224506 0.624764608782338 0.623664908274278 0.616740582824626 0.624031171371433 0.624729032377831 0.624371213919059 0.624732422380349 0.624764609015292 0.624741896523336 0.62476461842777 0.624764588602894 0.624764599441873 0.62476460497297 0.59940617929009 0.586041025589742 0.620687798901621 0.62476459286503 0.624764615545661 0.624764595067344 0.624734217407412 0.624752503645168 0.624764574492926 0.624764615375059 0.624764599070074 0.624764611975799 0.624764582733953 0.624764592306377 0.624764601136363 0.624764599331511 0.624764598636834 0.624764620760553 0.624764591339898 0.624764601310861 0.624764589562492 0.624764601538136 0.624764599333087 0.624764583473696 0.624764630307687 0.624660508419207 0.624610982357141 0.624764589651627 0.624764624941638
-9999 -9999 -9999 -9999 -9999 -9999 -9999 -9999 -9999 -9999 0.203690287403644 0.31154152108789 0.501309381306986 0.371067220452677 0.561387142324673 0.616141302370366 0.614026584971093 0.616763827230409 0.619534765364799 0.619946011587357 0.625195475641115 0.625167364335252 0.625146772567284 0.625163860272751 0.625195491645853 0.625195497019744 0.625195486592993 0.625195498459631 0.605292621872133 0.601323962077407 0.611181757772061 0.623847948578668 0.624992762556289 0.618819631171453 0.617755186833326 0.616036801873646 0.600559979022738 0.625195513790216 0.625195498933167 0.625195472935596 0.625195510844462 0.625195482881516 0.625195510184872 0.625195486615686 0.625195455235878 0.62519550166768 0.625195484926524 0.625195480128417 0.625195474141443 0.62519550926534 0.625195478505011 0.625195473519342 0.625195496617379 0.625050442916298 0.624981408753114 0.62474996572179 0.624692563180525
-9999 -9999 -9999 -9999 -9999 -9999 -9999 -9999 -9999 0.0446809372682863 0.234357140532788 0.497655970853316 0.595951787221582 0.520871429877457 0.539941327078838 0.61532913674393 0.6071701207531 0.614823234521056 0.617744398445541 0.620063087965724 0.616297836745051 0.620624515193175 0.621049211669567 0.624793113461224 0.625626041357792 0.625626076197036 0.625626047315207 0.625626091547616 0.624914357667246 0.61945796298059 0.615257976032905 0.611829668092194 0.62556020644412 0.62355393692554 0.623221713731349 0.622531212929209 0.608831400725321 0.625626083028732 0.625626083732842 0.625626065906479 0.625626083576809 0.625626070278365 0.625626064923396 0.625626074994591 0.625626037589965 0.625626089952341 0.625626061765905 0.625626051557158 0.625626087680031 0.625626059948899 0.625626075879853 0.625626068061398 0.625626052628744 0.625626078722509 0.62562607820389 0.625481268005745 0.625462584943434
-9999 -9999 -9999 -9999 -9999 -9999 -9999 -9999 0.0191528480976898 0.489871143749338 0.529347623199296 0.577331477415772 0.625132059871878 0.599790931558026 0.607269579946472 0.621237229417308 0.625964840916195 0.625993574387591 0.626055491039302 0.626056315383272 0.62605201533586 0.625734240379342 0.622058837512817 0.621356223428332 0.623567898172346 0.626056325116245 0.626056299574952 0.626056346598104 0.626056313304192 0.626056311161614 0.625610681486157 0.604835971966625 0.625980601373252 0.623767815930589 0.623566777965219 0.613067629588583 0.61007860668743 0.601998892965323 0.612714458244589 0.622007264111911 0.619397298132318 0.626056302658945 0.626056341266188 0.62605632174231 0.626050606475457 0.625965913195073 0.626056315218685 0.626056334333083 0.626056327035947 0.626056318583755 0.626056338166101 0.6260563138665 0.626056330169158 0.626056319926832 0.625818444408179 0.625972212727702 0.625725168152014
-9999 -9999 -9999 -9999 -9999 -9999 -9999 -9999 0.0781287248855761 0.547314472458533 0.593570330813907 0.611452945933284 0.621886300219061 0.596363253263429 0.624109449699766 0.625619242955715 0.626387843098767 0.625160744950572 0.626178537026735 0.626486163094338 0.62644339240486 0.626486151201887 0.626486205779398 0.626486211265197 0.626486195352671 0.626486165437723 0.626486170202223 0.626486184609317 0.626486220547534 0.626486189341756 0.622069109050849 0.601349996720378 0.614843892560575 0.603625409357889 0.601810344837456 0.608994202738231 0.602662284746005 0.613266126381305 0.622111997867251 0.612425189714278 0.618403095876686 0.626486166307649 0.626486193076096 0.62648617612189 0.626429564892055 0.625590048245701 0.626486182435328 0.626480962965132 0.626486171679428 0.626486180088613 0.626486201434013 0.626486188350158 0.626486193356657 0.626486181502199 0.62412838601841 0.62515452075237 0.616805727901562
-9999 -9999 -9999 -9999 -9999 -9999 -9999 -9999 0.508999693851864 0.541499413716436 0.626873051348275 0.626366668103098 0.626436888444645 0.620521225791924 0.626823050802697 0.626880968355613 0.625237877745804 0.62378959723306 0.626516588084508 0.626915770226996 0.6269157893978 0.626915747962917 0.626915766962372 0.626915773526613 0.626915755915893 0.62691576624323 0.626915748914155 0.62691577856726 0.626915731704813 0.626915777742615 0.626915760169241 0.615629459414567 0.599694706602096 0.615625241823402 0.62222831484296 0.626853476421729 0.626256421198748 0.614366159063088 0.626915768546501 0.626915765685922 0.626915754948622 0.626915757939799 0.626915776078629 0.626915757394344 0.626915745936668 0.626915783305623 0.626915747535017 0.626908771255647 0.626915765484578 0.626915776451921 0.626915782771509 0.626915762225559 0.6241514005029 0.62691574378267 0.626915766735489 0.626251821752519 0.618384725708733
-9999 -9999 -9999 -9999 -9999 -9999 -9999 -9999 0.134271949159217 0.598714168907247 0.626259450027464 0.616425236478895 0.615428833256013 0.61088787128778 0.626411522951666 0.626775143977958 0.622107235772474 0.625261531573264 0.626168783586125 0.627295838505037 0.627345030034774 0.62734500496778 0.627344998556675 0.627345005019614 0.627344996184314 0.627345027656743 0.62734500852587 0.627345023351446 0.627345020953512 0.627345000337922 0.627345003202027 0.627345017111944 0.623215302652685 0.614664269179581 0.619019405246185 0.627325941028922 0.627143014805086 0.623500569528508 0.627345012075735 0.627345004256325 0.62734499943312 0.627345013884715 0.627345018127165 0.627345017738208 0.627344986121958 0.627345025799177 0.627345009515009 0.627345022822105 0.627166136988783 0.624374535225251 0.626799539604592 0.627345006689022 0.626498182833902 0.627345002216326 0.62734502364874 0.627345004819109 0.627345004782648
-9999 -9999 -9999 -9999 -9999 -9999 -9999 -9999 0.374654323207761 0.579925404944241 0.600584810623698 0.610214085850093 0.627752445437543 0.622349164140648 0.618620516487405 0.626853297828676 0.620924928768587 0.624223979257749 0.623221418965749 0.623266818351561 0.622596143031846 0.621436300243222 0.625415573651112 0.627567974017715 0.627660146183174 0.627704485510437 0.627773916709782 0.627773915935667 0.627773922130509 0.627768357352738 0.627764731633434 0.627773884541667 0.612817992116458 0.60235429999111 0.626046083370778 0.627773918012591 0.627773897050027 0.627773956952157 0.62777392113534 0.627773886252424 0.627773900533349 0.627773933881928 0.627773936549196 0.62777391529244 0.627773936335629 0.6277739094876 0.627773922596893 0.627773928367138 0.627773909717358 0.627773910299017 0.627773919484963 0.627773891358465 0.627773943035453 0.627773887400433 0.627773912931586 0.62702461917025 0.627699599518954
-9999 -9999 -9999 -9999 -9999 -9999 -9999 0.0544097231999616 0.498052259861411 0.621289623259384 0.613146095213151 0.612729389600427 0.628134087565344 0.618699168919558 0.610460525500149 0.624023470876559 0.622889593416437 0.625786903724081 0.625792915865916 0.628006292040305 0.628186829282974 0.627697619491631 0.628180159491675 0.628202500887589 0.62820027820999 0.627968877170006 0.627905412016045 0.628202548612977 0.628202471723574 0.628154126526061 0.628122026509958 0.628202449679309 0.628119284808345 0.628202525318673 0.628202505463414 0.628202507495582 0.628186851201391 0.627905247575774 0.628202500600231 0.628202479907437 0.628202514001831 0.628202472137934 0.628202510384184 0.628202491590874 0.628202491517283 0.62820250077718 0.628202495207492 0.628202498819625 0.628202486827132 0.628202514124955 0.628202469935887 0.62820249002169 0.628202493778221 0.626235520599091 0.624602722748492 0.627956291581729 0.627551323410136
-9999 -9999 -9999 -9999 -9999 -9999 -9999 0.204374700065667 0.619981871121198 0.62583856320048 0.628395073441514 0.628568059361895 0.628396949890522 0.627367483209612 0.619985129518045 0.622185647351363 0.624415047086896 0.628578112730386 0.628537587643158 0.628630718656637 0.628630709952803 0.628562018009594 0.62851164599363 0.628630719616333 0.628629148953616 0.628192087694029 0.627956315426434 0.628630722746998 0.628630708371154 0.628630713251161 0.628630709390337 0.628630718300939 0.628524540532426 0.628630733202486 0.628630711625562 0.628630746183934 0.628610778990919 0.628251369416697 0.628630715034848 0.628630721334607 0.628630711261242 0.628630703778693 0.628630734772793 0.628630695792907 0.628630736108621 0.628630698441648 0.628630720340332 0.628630716674099 0.628630702365361 0.628630728760002 0.628630705733776 0.628630695234016 0.628630723567264 0.625327549702002 0.622866257614415 0.628316555358482 0.628630692979896
-9999 -9999 -9999 -9999 -9999 -9999 -9999 0.422369982437308 0.622791853182959 0.628844926298932 0.629058681262247 0.629058646172927 0.628735722636548 0.627141572114231 0.621104108003198 0.621001527938896 0.62248703922558 0.623529714032551 0.624073837392165 0.62545866440881 0.625353220852378 0.628987427537991 0.628935222860401 0.629058675752092 0.629058582844759 0.629008564389443 0.628973555150906 0.629058655031805 0.629058666171051 0.629058650832849 0.62905863095217 0.629058640537283 0.629058652732292 0.629058637367851 0.629058628014451 0.628645714961089 0.629058662476873 0.629058645085225 0.629058647707582 0.629058659676146 0.629058630524738 0.629058649122419 0.629058666055321 0.6290586412422 0.629058662372663 0.629058650840705 0.629058620386653 0.62905864899359 0.629058658216319 0.629058626365643 0.629058667035783 0.629058642844277 0.629058665203333 0.628830031836565 0.628265822248315 0.62889762278804 0.629058601004998
-9999 -9999 -9999 -9999 -9999 -9999 0.210838852345127 0.458998137519698 0.629190035222485 0.62948620931293 0.629486194382494 0.629486204188944 0.629486198376086 0.629475170893116 0.622434357613074 0.625745497521964 0.629387063617788 0.628566681814655 0.62648660773046 0.628823427846703 0.629037580815471 0.623896636872257 0.628728267765206 0.629461888727354 0.629486185424832 0.629486219521152 0.629486219305901 0.629486201688167 0.629486215287336 0.629486218507135 0.629486188021195 0.629486174013305 0.629477284554272 0.629297122729228 0.629486195565263 0.629486241809517 0.629486185481579 0.629486196277319 0.629486232451567 0.629486201877338 0.629486216248375 0.629486222393506 0.629486211436948 0.629486176960519 0.629486228576186 0.629486211112432 0.62948620387037 0.629486215983394 0.629486171439041 0.629486191108624 0.629486193300466 0.629486226650396 0.629486210200272 0.629486189833697 0.629486203460428 0.629486207337045 0.625614259052851
-9999 -9999 -9999 -9999 -9999 -9999 0.307362060400435 0.585870569269955 0.628452553417869 0.628125173447146 0.62920008231302 0.629893325939517 0.629913412873219 0.629831167881425 0.628791956970574 0.621836609289727 0.628966803553143 0.629440231813589 0.628132802701523 0.629003625530862 0.629844708094333 0.627931988847267 0.628011422733967 0.629722929324485 0.629913420989345 0.629913425308767 0.629913433574308 0.629913443736555 0.629913413630558 0.62991345532112 0.629913438635597 0.627961585648211 0.62887767213131 0.628052744351205 0.629913439349133 0.629913442352758 0.629313900233949 0.629913442969417 0.629913426164271 0.629913434209998 0.6299134507799 0.629913427477584 0.629913432408196 0.629913416989994 0.629913410413591 0.629913427904682 0.629913419693633 0.629913428296736 0.629913421061723 0.629913435371947 0.62991344224031 0.629913426392931 0.62991344186991 0.629913432776928 0.629913416045841 0.628446317006101 0.622049374914791
-9999 -9999 -9999 -9999 -9999 0.0786660111556284 0.43966167273987 0.620362148829637 0.628731114997883 0.628079330339741 0.628906292974635 0.630123291539307 0.630340309480497 0.630340347461517 0.630340341651824 0.625699066255937 0.619629577718025 0.629730161054204 0.630319225289047 0.63029354147302 0.630332224286236 0.630291187245681 0.630276380089923 0.630340349433286 0.630340343666736 0.630340336014032 0.630340344507333 0.630340343758293 0.63034036082895 0.630340320920044 0.630340343440646 0.627956040410601 0.629160678391166 0.629876759436607 0.630340346026327 0.630340353430522 0.629607975056157 0.630340338264824 0.63034032806075 0.630340348062114 0.630340351977214 0.630340328273911 0.630340337122058 0.630340341405716 0.630340338805934 0.6303403225743 0.630340331177762 0.630340359899218 0.630340342786352 0.630340348456204 0.630340347223326 0.630340318799403 0.63010869755662 0.630285646836319 0.628453115474066 0.626246223868952 0.629101640299554
-9999 -9999 -9999 -9999 0.149892422557193 0.334527846420978 0.608775801827084 0.629781667972407 0.630766956891433 0.63074619424084 0.630607959874589 0.630711733384505 0.630749113197558 0.629829510650757 0.630544606888868 0.630485801059429 0.6263785264425 0.624632371520703 0.630741448685786 0.63074630967739 0.630736283850658 0.63075250292551 0.630739876029594 0.630766018878183 0.630766890361213 0.630766941764217 0.630766923445353 0.630766902339528 0.630766890378269 0.63076689511763 0.630766911076302 0.630766882087244 0.630766920072786 0.630766915549316 0.63076689487755 0.630766931606736 0.630766868053162 0.630766922684643 0.630766913022244 0.63076690434222 0.630766904114674 0.630766895103562 0.630766917911393 0.630766906470513 0.630766883189324 0.630766927621616 0.630766886142956 0.6307668899804 0.630766904687397 0.630766897771878 0.63072413885954 0.63075138277572 0.630704250633744 0.629632437474896 0.62656456490595 0.629423115779824 0.630766918269712
-9999 -9999 -9999 -9999 0.00466450696475792 0.447230667188289 0.614692318843627 0.624931084750362 0.625431669857459 0.630206384165103 0.630935229393958 0.628969440181382 0.630576834457536 0.627639274034132 0.629055293786366 0.631193150568711 0.630903157510591 0.630327625281963 0.631130060184725 0.631193176550772 0.631193174327004 0.631162384999228 0.631015506801959 0.631129990228601 0.631178808407706 0.631193161609866 0.631193135890546 0.631193157278962 0.631193134067262 0.63119315936384 0.631193171614985 0.631193102331721 0.63119317111841 0.631193171444543 0.631193152138748 0.631193152337658 0.631193148724369 0.631193141294772 0.631193163288535 0.631193151089803 0.631193174765907 0.631193162635816 0.63119316094082 0.631193138333125 0.631193179658058 0.631193133457168 0.631193156406069 0.631193155346727 0.631193143493319 0.631193157018739 0.631193152695393 0.631186536987795 0.631150384480753 0.631189746005456 0.625139121226495 0.628901053756226 0.63111744939782
-9999 -9999 -9999 0.00475103970772276 0.00824129790998995 0.451070460428712 0.544864209891809 0.625812676268146 0.626795920269479 0.629882638475051 0.631125197618902 0.629570961275311 0.629399905493487 0.63013149303428 0.631536822400197 0.6316190486454 0.630338503627958 0.631441615669648 0.631316937795319 0.631601714680197 0.631619033333762 0.63160933729902 0.629938999602977 0.630510031348685 0.631517923058514 0.631619014524703 0.6316190397893 0.63161902866899 0.631619021491876 0.631619053470395 0.631619036657453 0.631619011958477 0.629673301349641 0.631619033147004 0.631619024200848 0.631619029693441 0.631619024607039 0.631619033563416 0.631619031453513 0.631619028733834 0.63161905012584 0.63161903644766 0.631619039310821 0.631532754327743 0.631619026077613 0.631619025176943 0.631619030080843 0.631619048692058 0.63153360989417 0.631619024578039 0.631619039060112 0.631436468227262 0.630844952858438 0.630892098046045 0.627058038359345 0.627521084175867 0.631384801073413
